(GS19649_ch:0.00050,((GS21737_ch:0.00010,((GS07357_ch:0.00002,
GS20846_ch:0.00002):0.00004,(GS19025_ch:0.00005,(GS18558_ch:0.00003,
GS18940_ch:0.00003):0.00002):0.00002):0.00003):0.00013,((GS18501_ch:0.00002,
(GS20850_ch:0.00001,(GS20845_ch:0.00000,GS20510_ch:0.00000):0.00001):0.00001):0.00004,
GS19670_ch:0.00006):0.00016):0.00027);
